   2.1873998406928473e+02   1.8399091642010364e+02   1.4427299629202157e+01   1.0000000000000000e+00   1.0000000000000000e+00
   2.5298573920244675e+02   1.6905418151381218e+02   1.4539342190058829e+01   2.0000000000000000e+00   1.0000000000000000e+00
   4.8748299711699661e+02   2.6910244423761799e+02   1.5430758247756591e+01   3.0000000000000000e+00   1.0000000000000000e+00
   2.1877358857951464e+02   1.8395396851225468e+02   1.4373778228365735e+01   1.0000000000000000e+00   2.0000000000000000e+00
   2.5336921910735666e+02   1.6884488863297267e+02   1.4285530716843081e+01   2.0000000000000000e+00   2.0000000000000000e+00
   4.8783275046723713e+02   2.6932132075080784e+02   1.5215420683336383e+01   3.0000000000000000e+00   2.0000000000000000e+00
   2.1897901069353841e+02   1.8403061277082250e+02   1.4231106927260786e+01   1.0000000000000000e+00   3.0000000000000000e+00
   2.5305042525402970e+02   1.6899551482902083e+02   1.4034965242106093e+01   2.0000000000000000e+00   3.0000000000000000e+00
   4.8787620853950114e+02   2.6941400639324229e+02   1.4878213576981723e+01   3.0000000000000000e+00   3.0000000000000000e+00
   2.1896780487864990e+02   1.8387274364324881e+02   1.4253615247349403e+01   1.0000000000000000e+00   4.0000000000000000e+00
   2.5291330196245559e+02   1.6886753021339231e+02   1.4509804335905434e+01   2.0000000000000000e+00   4.0000000000000000e+00
   4.8785167105888758e+02   2.6926648211101514e+02   1.4827581261078468e+01   3.0000000000000000e+00   4.0000000000000000e+00
   2.1884889388513432e+02   1.8384894862115578e+02   1.4229294413697612e+01   1.0000000000000000e+00   5.0000000000000000e+00
   2.5300635835789944e+02   1.6901424586050240e+02   1.4255098930885074e+01   2.0000000000000000e+00   5.0000000000000000e+00
   4.8778920124115865e+02   2.6966396010799235e+02   1.5392722539226927e+01   3.0000000000000000e+00   5.0000000000000000e+00
   2.1874657812744317e+02   1.8398706123173466e+02   1.4389359093507917e+01   1.0000000000000000e+00   6.0000000000000000e+00
   2.5345892414103218e+02   1.6912528318857392e+02   1.4415413974488409e+01   2.0000000000000000e+00   6.0000000000000000e+00
   4.8788156482053751e+02   2.6902879230417517e+02   1.4621468174377789e+01   3.0000000000000000e+00   6.0000000000000000e+00
   2.1896525649857540e+02   1.8378270727600409e+02   1.4326683721000503e+01   1.0000000000000000e+00   7.0000000000000000e+00
   2.5297801158808701e+02   1.6935866910883186e+02   1.4210529555146131e+01   2.0000000000000000e+00   7.0000000000000000e+00
   4.8790816526489874e+02   2.6936712744001073e+02   1.4642775739349261e+01   3.0000000000000000e+00   7.0000000000000000e+00
   2.1881141207746521e+02   1.8404541597982345e+02   1.4393066966017322e+01   1.0000000000000000e+00   8.0000000000000000e+00
   2.5322395799187493e+02   1.6934465717159043e+02   1.4241807685216491e+01   2.0000000000000000e+00   8.0000000000000000e+00
   4.8791243595408076e+02   2.6942188024943385e+02   1.4733878027752255e+01   3.0000000000000000e+00   8.0000000000000000e+00
   2.1862298640102770e+02   1.8379698776246173e+02   1.4277850974597870e+01   1.0000000000000000e+00   9.0000000000000000e+00
   2.5310888507743650e+02   1.6940730131771642e+02   1.4359655232265160e+01   2.0000000000000000e+00   9.0000000000000000e+00
   4.8750717142121709e+02   2.6968345217753108e+02   1.4927926555084099e+01   3.0000000000000000e+00   9.0000000000000000e+00
   2.1861893091164814e+02   1.8378382477472499e+02   1.4344712655307806e+01   1.0000000000000000e+00   1.0000000000000000e+01
   2.5315909060522682e+02   1.6916851163389876e+02   1.4287354634706709e+01   2.0000000000000000e+00   1.0000000000000000e+01
   4.8773459172207521e+02   2.6959264831401276e+02   1.4986927502721910e+01   3.0000000000000000e+00   1.0000000000000000e+01
   2.1865132277164633e+02   1.8396874864539521e+02   1.4429124751933415e+01   1.0000000000000000e+00   1.1000000000000000e+01
   2.5294909637081508e+02   1.6971790361716234e+02   1.4257342695870811e+01   2.0000000000000000e+00   1.1000000000000000e+01
   4.8768021634525911e+02   2.6935335217668467e+02   1.4546272178722187e+01   3.0000000000000000e+00   1.1000000000000000e+01
   2.1862065363535933e+02   1.8379412992916590e+02   1.4403728240403312e+01   1.0000000000000000e+00   1.2000000000000000e+01
   2.5285323481084475e+02   1.6989299712336040e+02   1.4464496170510834e+01   2.0000000000000000e+00   1.2000000000000000e+01
   4.8800066265711439e+02   2.6917647417507305e+02   1.4662303228254645e+01   3.0000000000000000e+00   1.2000000000000000e+01
   2.1879151833496798e+02   1.8373807759945331e+02   1.4380356724834474e+01   1.0000000000000000e+00   1.3000000000000000e+01
   2.5312926533273662e+02   1.6901299896205128e+02   1.4083335245292583e+01   2.0000000000000000e+00   1.3000000000000000e+01
   4.8663319400612119e+02   2.6921469036089877e+02   1.4866714528393807e+01   3.0000000000000000e+00   1.3000000000000000e+01
   2.3511998093157518e+02   1.7616767966827325e+02   1.4436574219988433e+01   1.0000000000000000e+00   1.4000000000000000e+01
   2.6882324838165954e+02   1.6179434614720972e+02   1.4585566185649540e+01   2.0000000000000000e+00   1.4000000000000000e+01
   4.8777425400076669e+02   2.6912367682332376e+02   1.5070762778387362e+01   3.0000000000000000e+00   1.4000000000000000e+01
   2.6916486888075923e+02   1.5985495130784216e+02   1.4346088386086983e+01   1.0000000000000000e+00   1.5000000000000000e+01
   3.0301147767848886e+02   1.4581039134481574e+02   1.4597774362750943e+01   2.0000000000000000e+00   1.5000000000000000e+01
   4.8723229869354208e+02   2.6927402641245976e+02   1.4999706961513416e+01   3.0000000000000000e+00   1.5000000000000000e+01
   2.3540824568022930e+02   1.7619130813565241e+02   1.4826354790906166e+01   1.0000000000000000e+00   1.6000000000000000e+01
   2.6933239457972820e+02   1.6144202362495292e+02   1.4289695830598083e+01   2.0000000000000000e+00   1.6000000000000000e+01
   4.8707051406447624e+02   2.6908298460057227e+02   1.5086981944689066e+01   3.0000000000000000e+00   1.6000000000000000e+01
   1.8658718786524912e+02   1.9823199515603005e+02   1.4433534630949156e+01   1.0000000000000000e+00   1.7000000000000000e+01
   2.2256265740141691e+02   1.8512066886580556e+02   1.4509508390660972e+01   2.0000000000000000e+00   1.7000000000000000e+01
   4.8764529868320290e+02   2.6917671328153710e+02   1.5184937301429072e+01   3.0000000000000000e+00   1.7000000000000000e+01
   1.6628432176150761e+02   1.9813317451379510e+02   1.4363374403658195e+01   1.0000000000000000e+00   1.8000000000000000e+01
   2.2256265740141691e+02   1.8512066886580556e+02   1.4509508390660972e+01   2.0000000000000000e+00   1.7000000000000000e+01
   4.8742234061824604e+02   2.6900405082999868e+02   1.5112585959573600e+01   3.0000000000000000e+00   1.8000000000000000e+01
   1.7659965748022714e+02   2.2596148954029522e+02   1.4486797159389290e+01   1.0000000000000000e+00   1.9000000000000000e+01
   1.8913789312149865e+02   2.6077458586162618e+02   1.4686969317346332e+01   2.0000000000000000e+00   1.9000000000000000e+01
   4.8803481697578241e+02   2.6917545318567147e+02   1.5006357657290927e+01   3.0000000000000000e+00   1.9000000000000000e+01
   1.9400972879570830e+02   2.7839420360126422e+02   1.4829431008214383e+01   1.0000000000000000e+00   2.0000000000000000e+01
   2.0597908685321892e+02   3.1330640396289755e+02   1.4747523881218635e+01   2.0000000000000000e+00   2.0000000000000000e+01
   4.8796473325889963e+02   2.6931851009432620e+02   1.4997457778007785e+01   3.0000000000000000e+00   2.0000000000000000e+01
   1.9809426075417744e+02   3.1460766642233756e+02   1.4420093103818123e+01   1.0000000000000000e+00   2.1000000000000000e+01
   2.3327621026297371e+02   3.2744033060328883e+02   1.4889513873402809e+01   2.0000000000000000e+00   2.1000000000000000e+01
   4.8789404594135056e+02   2.6946749179351031e+02   1.5050966772895977e+01   3.0000000000000000e+00   2.1000000000000000e+01
   1.9807970493153852e+02   3.2652522777037495e+02   1.4393636384406362e+01   1.0000000000000000e+00   2.2000000000000000e+01
   2.2909613251446123e+02   3.0318204529207742e+02   1.4430970475768426e+01   2.0000000000000000e+00   2.2000000000000000e+01
   4.8772215760473102e+02   2.6912381500452494e+02   1.4885513666881428e+01   3.0000000000000000e+00   2.2000000000000000e+01
   1.9998337151808630e+02   3.2559928422573296e+02   1.4435912111816815e+01   1.0000000000000000e+00   2.3000000000000000e+01
   2.0046847133621256e+02   2.8870112965570638e+02   1.4784634498293407e+01   2.0000000000000000e+00   2.3000000000000000e+01
   4.8775900432219379e+02   2.6899467856210248e+02   1.4922846453359885e+01   3.0000000000000000e+00   2.3000000000000000e+01
   1.9448378002275194e+02   2.7902492534344697e+02   1.4652073282309923e+01   1.0000000000000000e+00   2.4000000000000000e+01
   1.9197904929085149e+02   2.4311117650242824e+02   1.3907086420282123e+01   2.0000000000000000e+00   2.4000000000000000e+01
   4.8767763265284054e+02   2.6904574233651789e+02   1.4878329280621246e+01   3.0000000000000000e+00   2.4000000000000000e+01
   1.8730112603383998e+02   2.2205945953707041e+02   1.4352128955305835e+01   1.0000000000000000e+00   2.5000000000000000e+01
   1.9197904929085149e+02   2.4311117650242824e+02   1.3907086420282123e+01   2.0000000000000000e+00   2.4000000000000000e+01
   4.8750534912750675e+02   2.6893011885014431e+02   1.5059591659650415e+01   3.0000000000000000e+00   2.5000000000000000e+01
   1.7767987548837507e+02   1.5254228439444850e+02   1.4299005858251027e+01   1.0000000000000000e+00   2.6000000000000000e+01
   1.7471275179249167e+02   1.1856272538662958e+02   1.5107846121165414e+01   2.0000000000000000e+00   2.6000000000000000e+01
   4.8721449241752293e+02   2.6908480478540838e+02   1.5428004769174596e+01   3.0000000000000000e+00   2.6000000000000000e+01
   1.6648925193560916e+02   8.5473390923106891e+01   1.4240168091431476e+01   1.0000000000000000e+00   2.7000000000000000e+01
   1.6816387572044073e+02   5.1381430430115017e+01   1.4451444446794367e+01   2.0000000000000000e+00   2.7000000000000000e+01
   4.8700330046863348e+02   2.6916007063154603e+02   1.4937013432194201e+01   3.0000000000000000e+00   2.7000000000000000e+01
   1.5500652326523505e+02   4.9367640886246896e+01   1.4254668342801438e+01   1.0000000000000000e+00   2.8000000000000000e+01
   1.9000878278162037e+02   3.5857696013596190e+01   1.4533983296789756e+01   2.0000000000000000e+00   2.8000000000000000e+01
   4.8760359220428052e+02   2.6889721604561015e+02   1.4793287496039047e+01   3.0000000000000000e+00   2.8000000000000000e+01
   1.7548157147196173e+02   4.3049570457073763e+01   1.4473476178981047e+01   1.0000000000000000e+00   2.9000000000000000e+01
   2.1189602143036748e+02   5.0783895052740803e+01   1.5132792560042146e+01   2.0000000000000000e+00   2.9000000000000000e+01
   4.8707332614937985e+02   2.6938739811810603e+02   1.4933448798842184e+01   3.0000000000000000e+00   2.9000000000000000e+01
   2.4045779751345452e+02   5.5529539806072286e+01   1.4294796870125481e+01   1.0000000000000000e+00   3.0000000000000000e+01
   2.3965188569950806e+02   5.5807773430161483e+01   1.5444013114257643e+01   2.0000000000000000e+00   3.0000000000000000e+01
   4.8729333745118652e+02   2.6967980086113408e+02   1.5325367240562917e+01   3.0000000000000000e+00   3.0000000000000000e+01
   3.0898513620908807e+02   6.9319365047722755e+01   1.4649172761514860e+01   1.0000000000000000e+00   3.1000000000000000e+01
   3.0888251277715432e+02   6.8786465991676764e+01   1.5908791799814143e+01   2.0000000000000000e+00   3.1000000000000000e+01
   4.8755728807112513e+02   2.6949249537590009e+02   1.5107656686175575e+01   3.0000000000000000e+00   3.1000000000000000e+01
   3.8056470860967988e+02   8.2363518912002149e+01   1.4832477621907591e+01   1.0000000000000000e+00   3.2000000000000000e+01
   3.8020972655427909e+02   8.2000838650415162e+01   1.5649907768303954e+01   2.0000000000000000e+00   3.2000000000000000e+01
   4.8770009075378101e+02   2.6943767183573522e+02   1.5081711122995161e+01   3.0000000000000000e+00   3.2000000000000000e+01
   4.3889900531448814e+02   9.6547988793235106e+01   1.4399322235638801e+01   1.0000000000000000e+00   3.3000000000000000e+01
   3.8020972655427909e+02   8.2000838650415162e+01   1.5649907768303954e+01   2.0000000000000000e+00   3.2000000000000000e+01
   4.8766801466043250e+02   2.6924714361039912e+02   1.5148923910855716e+01   3.0000000000000000e+00   3.3000000000000000e+01
   4.6349373019979475e+02   1.0150667415006390e+02   1.4522908384097864e+01   1.0000000000000000e+00   3.4000000000000000e+01
   3.8020972655427909e+02   8.2000838650415162e+01   1.5649907768303954e+01   2.0000000000000000e+00   3.2000000000000000e+01
   4.8759662715671152e+02   2.6955186560718903e+02   1.5318305222644314e+01   3.0000000000000000e+00   3.4000000000000000e+01
   4.6789225627918950e+02   9.5892088986070746e+01   1.4757586896464378e+01   1.0000000000000000e+00   3.5000000000000000e+01
   3.8020972655427909e+02   8.2000838650415162e+01   1.5649907768303954e+01   2.0000000000000000e+00   3.2000000000000000e+01
   4.8751185194071144e+02   2.6934297509009286e+02   1.5038648339752845e+01   3.0000000000000000e+00   3.5000000000000000e+01
   4.4405419611541771e+02   1.0551773188229737e+02   1.4830278133330363e+01   1.0000000000000000e+00   3.6000000000000000e+01
   4.1044950849792127e+02   1.2483662974735739e+02   1.5341577059454979e+01   2.0000000000000000e+00   3.6000000000000000e+01
   4.8762146034782148e+02   2.6925790802392129e+02   1.5093945478263434e+01   3.0000000000000000e+00   3.6000000000000000e+01
   3.8900453369021847e+02   1.3743360588179533e+02   1.4461411762192380e+01   1.0000000000000000e+00   3.7000000000000000e+01
   4.1044950849792127e+02   1.2483662974735739e+02   1.5341577059454979e+01   2.0000000000000000e+00   3.6000000000000000e+01
   4.8783013297774426e+02   2.6925778354544252e+02   1.5017506021014661e+01   3.0000000000000000e+00   3.7000000000000000e+01
   3.2700462437915974e+02   1.7276354060604712e+02   1.4334442160363112e+01   1.0000000000000000e+00   3.8000000000000000e+01
   4.1044950849792127e+02   1.2483662974735739e+02   1.5341577059454979e+01   2.0000000000000000e+00   3.6000000000000000e+01
   4.8814419514964493e+02   2.6939243861897927e+02   1.4954588010765859e+01   3.0000000000000000e+00   3.8000000000000000e+01
   2.6313607352074621e+02   2.0906301536454120e+02   1.4113194428596948e+01   1.0000000000000000e+00   3.9000000000000000e+01
   2.3241526480841338e+02   2.2551888593676449e+02   1.4669069449008560e+01   2.0000000000000000e+00   3.9000000000000000e+01
   4.8785954819681439e+02   2.6921715135754346e+02   1.4954145571362112e+01   3.0000000000000000e+00   3.9000000000000000e+01
   1.9801876008004101e+02   2.4534576700586990e+02   1.4424726819604171e+01   1.0000000000000000e+00   4.0000000000000000e+01
   1.6694457010725566e+02   2.6145079297598346e+02   1.3766044790500771e+01   2.0000000000000000e+00   4.0000000000000000e+01
   4.8798206801670426e+02   2.6932713489930234e+02   1.4854563469074304e+01   3.0000000000000000e+00   4.0000000000000000e+01
   1.6413443860120844e+02   2.6569937375183849e+02   1.4454591729688582e+01   1.0000000000000000e+00   4.1000000000000000e+01
   1.2905421672023743e+02   2.5984675380579819e+02   1.4102319029333117e+01   2.0000000000000000e+00   4.1000000000000000e+01
   4.8797525514548408e+02   2.6947804301399469e+02   1.4850874792061026e+01   3.0000000000000000e+00   4.1000000000000000e+01
   1.4690861977787330e+02   2.7210589956619867e+02   1.4498377872049746e+01   1.0000000000000000e+00   4.2000000000000000e+01
   1.3045424217651677e+02   2.3988379873103955e+02   1.3852013407908540e+01   2.0000000000000000e+00   4.2000000000000000e+01
   4.8790464100184181e+02   2.6937877129202974e+02   1.5037165045957162e+01   3.0000000000000000e+00   4.2000000000000000e+01
   1.4043284366794060e+02   2.3648808653365953e+02   1.4795017683941879e+01   1.0000000000000000e+00   4.3000000000000000e+01
   1.3045424217651677e+02   2.3988379873103955e+02   1.3852013407908540e+01   2.0000000000000000e+00   4.2000000000000000e+01
   4.8789080320667955e+02   2.6909457894006727e+02   1.4986353197866229e+01   3.0000000000000000e+00   4.3000000000000000e+01
   1.3317354047978870e+02   1.6643601651708221e+02   1.4236436962373299e+01   1.0000000000000000e+00   4.4000000000000000e+01
   1.3113057520261736e+02   1.3271278364247598e+02   1.5379693067294973e+01   2.0000000000000000e+00   4.4000000000000000e+01
   4.8786364231395879e+02   2.6916523566273702e+02   1.5036039187461906e+01   3.0000000000000000e+00   4.4000000000000000e+01
   1.3249320014540592e+02   1.2653246497078382e+02   1.4326909742923299e+01   1.0000000000000000e+00   4.5000000000000000e+01
   1.0437806001821032e+02   1.0819246381591890e+02   1.4660754126911421e+01   2.0000000000000000e+00   4.5000000000000000e+01
   4.8752911974774753e+02   2.6916848936840836e+02   1.5249284107279165e+01   3.0000000000000000e+00   4.5000000000000000e+01
   1.0447131389672737e+02   1.1654972079017696e+02   1.4272449478146864e+01   1.0000000000000000e+00   4.6000000000000000e+01
   7.1407331457858163e+01   1.1458446041442900e+02   1.5025422196701738e+01   2.0000000000000000e+00   4.6000000000000000e+01
   4.8787332274851525e+02   2.6900903627636808e+02   1.5145491757839222e+01   3.0000000000000000e+00   4.6000000000000000e+01
   5.3441902050468343e+01   1.0983110130440545e+02   1.4056675036340943e+01   1.0000000000000000e+00   4.7000000000000000e+01
   2.7541499000609456e+01   9.2676604075299437e+01   1.4534364253500712e+01   2.0000000000000000e+00   4.7000000000000000e+01
   4.8791485408305283e+02   2.6916270010672616e+02   1.5285542818655681e+01   3.0000000000000000e+00   4.7000000000000000e+01
   3.2372904186459316e+01   9.9418412992576918e+01   1.4429865616939445e+01   1.0000000000000000e+00   4.8000000000000000e+01
   3.9283338743643050e+01   6.6112636717784369e+01   1.4437314530774266e+01   2.0000000000000000e+00   4.8000000000000000e+01
   4.8780730978494887e+02   2.6873781366625008e+02   1.4928782407021338e+01   3.0000000000000000e+00   4.8000000000000000e+01
   3.2507543742666428e+01   8.4521237592035774e+01   1.3980225667872570e+01   1.0000000000000000e+00   4.9000000000000000e+01
   7.0689348118485526e+01   8.3892330682604452e+01   1.4977533303659749e+01   2.0000000000000000e+00   4.9000000000000000e+01
   4.8831719217940025e+02   2.6915157258989547e+02   1.5220078817797573e+01   3.0000000000000000e+00   4.9000000000000000e+01
   7.6953756779473693e+01   8.2621835125849273e+01   1.4126387335802134e+01   1.0000000000000000e+00   5.0000000000000000e+01
   1.1364789490249254e+02   8.3912916347143693e+01   1.5485887898062421e+01   2.0000000000000000e+00   5.0000000000000000e+01
   4.8809869051426455e+02   2.6901658264029248e+02   1.5096653266562315e+01   3.0000000000000000e+00   5.0000000000000000e+01
   1.3892963762989393e+02   8.2418564621013289e+01   1.4382936437638101e+01   1.0000000000000000e+00   5.1000000000000000e+01
   1.7641280224798066e+02   7.8145466775653460e+01   1.5414413932748461e+01   2.0000000000000000e+00   5.1000000000000000e+01
   4.8798172643569819e+02   2.6907050041303097e+02   1.5024089607195574e+01   3.0000000000000000e+00   5.1000000000000000e+01
   1.7013524180516566e+02   8.3336738840836901e+01   1.4329320785285363e+01   1.0000000000000000e+00   5.2000000000000000e+01
   1.8300790888220979e+02   5.0198915602442121e+01   1.4245166155841819e+01   2.0000000000000000e+00   5.2000000000000000e+01
   4.8785363321237173e+02   2.6887801044973463e+02   1.4985399475370862e+01   3.0000000000000000e+00   5.2000000000000000e+01
   1.8128771053188581e+02   7.6694540330280873e+01   1.4233645637214698e+01   1.0000000000000000e+00   5.3000000000000000e+01
   1.5181491549259999e+02   5.9561495492263816e+01   1.4688200317608983e+01   2.0000000000000000e+00   5.3000000000000000e+01
   4.8812866773993426e+02   2.6887730308872540e+02   1.5041659735303030e+01   3.0000000000000000e+00   5.3000000000000000e+01
   1.7875487436835803e+02   7.1075985292888532e+01   1.4281872685362831e+01   1.0000000000000000e+00   5.4000000000000000e+01
   1.5830195048048043e+02   1.0070578508116891e+02   1.5845330131394473e+01   2.0000000000000000e+00   5.4000000000000000e+01
   4.8797523797711807e+02   2.6881329506691765e+02   1.5179370408154989e+01   3.0000000000000000e+00   5.4000000000000000e+01
   1.7133026317957282e+02   7.4044156393343982e+01   1.4561351369053940e+01   1.0000000000000000e+00   5.5000000000000000e+01
   1.5830195048048043e+02   1.0070578508116891e+02   1.5845330131394473e+01   2.0000000000000000e+00   5.4000000000000000e+01
   4.8809424384135042e+02   2.6891105134194180e+02   1.4985531932841068e+01   3.0000000000000000e+00   5.5000000000000000e+01
   1.8683345863023456e+02   7.6278850630343712e+01   1.4493879530799429e+01   1.0000000000000000e+00   5.6000000000000000e+01
   1.8691014424502060e+02   7.5778427911830534e+01   1.4264575327422680e+01   2.0000000000000000e+00   5.6000000000000000e+01
   4.8766018583661196e+02   2.6893238122913834e+02   1.5114920195867192e+01   3.0000000000000000e+00   5.6000000000000000e+01
   2.3548444191074324e+02   6.8545934604339010e+01   1.4501695886670033e+01   1.0000000000000000e+00   5.7000000000000000e+01
   1.8691014424502060e+02   7.5778427911830534e+01   1.4264575327422680e+01   2.0000000000000000e+00   5.6000000000000000e+01
   4.8760980659023437e+02   2.6908332780179256e+02   1.5123794179845138e+01   3.0000000000000000e+00   5.7000000000000000e+01
   3.0025062703778963e+02   5.3238984180688249e+01   1.4675631684451867e+01   1.0000000000000000e+00   5.8000000000000000e+01
   3.3620393310391512e+02   6.0827974265196339e+01   1.4962513740168230e+01   2.0000000000000000e+00   5.8000000000000000e+01
   4.8758919588202178e+02   2.6902088192874032e+02   1.5049375131425181e+01   3.0000000000000000e+00   5.8000000000000000e+01
   3.2866929190598529e+02   5.0410140750747509e+01   1.4633114987527746e+01   1.0000000000000000e+00   5.9000000000000000e+01
   3.3620393310391512e+02   6.0827974265196339e+01   1.4962513740168230e+01   2.0000000000000000e+00   5.8000000000000000e+01
   4.8757006431716621e+02   2.6865122158009387e+02   1.5011620902951305e+01   3.0000000000000000e+00   5.9000000000000000e+01
   3.4253326828678854e+02   9.2906079664482903e+01   1.4463854057608263e+01   1.0000000000000000e+00   6.0000000000000000e+01
   3.3620393310391512e+02   6.0827974265196339e+01   1.4962513740168230e+01   2.0000000000000000e+00   5.8000000000000000e+01
   4.8784673510860398e+02   2.6900123856497470e+02   1.5116385432151565e+01   3.0000000000000000e+00   6.0000000000000000e+01
   3.6144685421471280e+02   1.5447460590745663e+02   1.4340154541525331e+01   1.0000000000000000e+00   6.1000000000000000e+01
   3.3620393310391512e+02   6.0827974265196339e+01   1.4962513740168230e+01   2.0000000000000000e+00   5.8000000000000000e+01
   4.8759361627313382e+02   2.6948597377529700e+02   1.5020103654859744e+01   3.0000000000000000e+00   6.1000000000000000e+01
   3.6588297588191494e+02   1.8671345311971169e+02   1.4340069303174307e+01   1.0000000000000000e+00   6.2000000000000000e+01
   4.0264392498422700e+02   1.8943776982976541e+02   1.4306179372592897e+01   2.0000000000000000e+00   6.2000000000000000e+01
   4.8769267390259409e+02   2.6906546347142159e+02   1.4976486530709755e+01   3.0000000000000000e+00   6.2000000000000000e+01
   4.1052511572372725e+02   1.8552858731590700e+02   1.4490796513853086e+01   1.0000000000000000e+00   6.3000000000000000e+01
   4.4767900294047854e+02   1.8485534665424066e+02   1.4338354427274687e+01   2.0000000000000000e+00   6.3000000000000000e+01
   4.8810972638932839e+02   2.6919448804436706e+02   1.5247430648601295e+01   3.0000000000000000e+00   6.3000000000000000e+01
   4.6108761595107143e+02   1.8253322496169079e+02   1.4530039480557363e+01   1.0000000000000000e+00   6.4000000000000000e+01
   4.4767900294047854e+02   1.8485534665424066e+02   1.4338354427274687e+01   2.0000000000000000e+00   6.3000000000000000e+01
   4.8761860437746418e+02   2.6943834385041117e+02   1.5105683586932781e+01   3.0000000000000000e+00   6.4000000000000000e+01
   4.8448377597594026e+02   1.8144550700556286e+02   1.4696771702887650e+01   1.0000000000000000e+00   6.5000000000000000e+01
   4.4767900294047854e+02   1.8485534665424066e+02   1.4338354427274687e+01   2.0000000000000000e+00   6.3000000000000000e+01
   4.8822514045331030e+02   2.6931573513122902e+02   1.5179062473878780e+01   3.0000000000000000e+00   6.5000000000000000e+01
   4.9318999590916121e+02   1.9052659854076614e+02   1.4869219709119506e+01   1.0000000000000000e+00   6.6000000000000000e+01
   4.4767900294047854e+02   1.8485534665424066e+02   1.4338354427274687e+01   2.0000000000000000e+00   6.3000000000000000e+01
   4.8760269881460351e+02   2.6897070926413886e+02   1.5147617720743259e+01   3.0000000000000000e+00   6.6000000000000000e+01
   4.8354442804666860e+02   1.8553013424614969e+02   1.4755874331336647e+01   1.0000000000000000e+00   6.7000000000000000e+01
   4.4767900294047854e+02   1.8485534665424066e+02   1.4338354427274687e+01   2.0000000000000000e+00   6.3000000000000000e+01
   4.8761715706718917e+02   2.6889894078032108e+02   1.5216226301500010e+01   3.0000000000000000e+00   6.7000000000000000e+01
   4.8151266610359778e+02   1.8889527912995410e+02   1.4846841149053699e+01   1.0000000000000000e+00   6.8000000000000000e+01
   4.4767900294047854e+02   1.8485534665424066e+02   1.4338354427274687e+01   2.0000000000000000e+00   6.3000000000000000e+01
   4.8791879738416361e+02   2.6947723863392810e+02   1.4959577361971457e+01   3.0000000000000000e+00   6.8000000000000000e+01
   5.1958758242704630e+02   2.2504219865618455e+02   1.5160369190088231e+01   1.0000000000000000e+00   6.9000000000000000e+01
   4.4767900294047854e+02   1.8485534665424066e+02   1.4338354427274687e+01   2.0000000000000000e+00   6.3000000000000000e+01
   4.8784046379878748e+02   2.6904255751504667e+02   1.5046492760264806e+01   3.0000000000000000e+00   6.9000000000000000e+01
   5.4224348056062183e+02   2.5310723185730549e+02   1.4933403278526576e+01   1.0000000000000000e+00   7.0000000000000000e+01
   4.4767900294047854e+02   1.8485534665424066e+02   1.4338354427274687e+01   2.0000000000000000e+00   6.3000000000000000e+01
   4.8802250812436961e+02   2.6900375998058746e+02   1.4846578570414453e+01   3.0000000000000000e+00   7.0000000000000000e+01
   5.4885022254759497e+02   2.6391516686178448e+02   1.4925847476475250e+01   1.0000000000000000e+00   7.1000000000000000e+01
   4.4767900294047854e+02   1.8485534665424066e+02   1.4338354427274687e+01   2.0000000000000000e+00   6.3000000000000000e+01
   4.8785828535471973e+02   2.6913159482614464e+02   1.4857392377023777e+01   3.0000000000000000e+00   7.1000000000000000e+01
   5.5499186371965448e+02   2.6950448021529104e+02   1.5072275661176773e+01   1.0000000000000000e+00   7.2000000000000000e+01
   4.4767900294047854e+02   1.8485534665424066e+02   1.4338354427274687e+01   2.0000000000000000e+00   6.3000000000000000e+01
   4.8768176470181993e+02   2.6932422375876934e+02   1.4988086041766570e+01   3.0000000000000000e+00   7.2000000000000000e+01
   5.4643409426463597e+02   2.6976630158910501e+02   1.4933765673362716e+01   1.0000000000000000e+00   7.3000000000000000e+01
   4.4767900294047854e+02   1.8485534665424066e+02   1.4338354427274687e+01   2.0000000000000000e+00   6.3000000000000000e+01
   4.8768176470181993e+02   2.6932422375876934e+02   1.4988086041766570e+01   3.0000000000000000e+00   7.2000000000000000e+01
   4.9099623049895803e+02   2.6970368391548351e+02   1.5046614071316837e+01   1.0000000000000000e+00   7.4000000000000000e+01
   4.4767900294047854e+02   1.8485534665424066e+02   1.4338354427274687e+01   2.0000000000000000e+00   6.3000000000000000e+01
   4.8768176470181993e+02   2.6932422375876934e+02   1.4988086041766570e+01   3.0000000000000000e+00   7.2000000000000000e+01
   4.1961564249013787e+02   2.6678966663996039e+02   1.5078350539888035e+01   1.0000000000000000e+00   7.5000000000000000e+01
   3.8224830795811226e+02   2.6453317419027030e+02   1.5514614626569568e+01   2.0000000000000000e+00   7.5000000000000000e+01
   4.8671647495721129e+02   2.7070250956940265e+02   1.4983826255695194e+01   3.0000000000000000e+00   7.5000000000000000e+01
   3.5361318141610303e+02   2.6451430793694846e+02   1.4643626713230780e+01   1.0000000000000000e+00   7.6000000000000000e+01
   3.8224830795811226e+02   2.6453317419027030e+02   1.5514614626569568e+01   2.0000000000000000e+00   7.5000000000000000e+01
   4.8697412069577155e+02   2.7078208207144650e+02   1.4991187780570579e+01   3.0000000000000000e+00   7.6000000000000000e+01
   2.7989373705216752e+02   2.6267150810922107e+02   1.4428572670221159e+01   1.0000000000000000e+00   7.7000000000000000e+01
   2.4568682796906114e+02   2.5301746720101548e+02   1.3955122050652516e+01   2.0000000000000000e+00   7.7000000000000000e+01
   4.8694827906918795e+02   2.7075260768047161e+02   1.4447511043547610e+01   3.0000000000000000e+00   7.7000000000000000e+01
   2.4892652144891352e+02   2.5649205531598392e+02   1.4431790600511144e+01   1.0000000000000000e+00   7.8000000000000000e+01
   2.3403120223287456e+02   2.2373635752173556e+02   1.4465533258193496e+01   2.0000000000000000e+00   7.8000000000000000e+01
   4.8669677389323328e+02   2.7074686207932234e+02   1.4946882096936543e+01   3.0000000000000000e+00   7.8000000000000000e+01
   2.3850446869882876e+02   2.4005816623845033e+02   1.4401027397285283e+01   1.0000000000000000e+00   7.9000000000000000e+01
   2.5999636722267917e+02   2.1026126476008938e+02   1.4648069847134987e+01   2.0000000000000000e+00   7.9000000000000000e+01
   4.8707559490024119e+02   2.7072877875589649e+02   1.4858814799870750e+01   3.0000000000000000e+00   7.9000000000000000e+01
   2.3812764517334321e+02   2.2616732702993110e+02   1.4236335575846276e+01   1.0000000000000000e+00   8.0000000000000000e+01
   2.7588616001174341e+02   2.3433811823468761e+02   1.5680075691563005e+01   2.0000000000000000e+00   8.0000000000000000e+01
   4.8688648642451966e+02   2.7045525767787996e+02   1.4742862698784771e+01   3.0000000000000000e+00   8.0000000000000000e+01
   2.7585444765521180e+02   2.4597615351388126e+02   1.4461451182656056e+01   1.0000000000000000e+00   8.1000000000000000e+01
   3.0812382874818678e+02   2.6453357195778489e+02   1.4806950984226166e+01   2.0000000000000000e+00   8.1000000000000000e+01
   4.8688718117226108e+02   2.7023694728111718e+02   1.4652137655278789e+01   3.0000000000000000e+00   8.1000000000000000e+01
   3.3035829888562347e+02   2.7829696309166115e+02   1.4260009633316953e+01   1.0000000000000000e+00   8.2000000000000000e+01
   3.6307598102508223e+02   2.9489874061347570e+02   1.4867383113636874e+01   2.0000000000000000e+00   8.2000000000000000e+01
   4.8667085642234582e+02   2.7058483455022611e+02   1.5022205010739501e+01   3.0000000000000000e+00   8.2000000000000000e+01
   3.5802018262774345e+02   2.9968638433330102e+02   1.4384339703428589e+01   1.0000000000000000e+00   8.3000000000000000e+01
   3.8914700977819905e+02   2.8064274358125255e+02   1.4972195914608973e+01   2.0000000000000000e+00   8.3000000000000000e+01
   4.8648545370934607e+02   2.7056673702946591e+02   1.4668940196745858e+01   3.0000000000000000e+00   8.3000000000000000e+01
   3.6817453717936667e+02   3.0205987276007750e+02   1.4330663337242537e+01   1.0000000000000000e+00   8.4000000000000000e+01
   3.6464714397216972e+02   2.6497286170800061e+02   1.4847512764089220e+01   2.0000000000000000e+00   8.4000000000000000e+01
   4.8650554540590019e+02   2.7074816810281095e+02   1.5141012449956662e+01   3.0000000000000000e+00   8.4000000000000000e+01
   3.5777764048142740e+02   2.5673457650267983e+02   1.4532638029783643e+01   1.0000000000000000e+00   8.5000000000000000e+01
   3.5034206367589599e+02   2.2190240361531380e+02   1.4404311697885944e+01   2.0000000000000000e+00   8.5000000000000000e+01
   4.8678696519524573e+02   2.7071542064048856e+02   1.4719038872375229e+01   3.0000000000000000e+00   8.5000000000000000e+01
   3.4130851270679972e+02   1.8593185061963780e+02   1.4223552957376528e+01   1.0000000000000000e+00   8.6000000000000000e+01
   3.4301812193542042e+02   1.8555299453740949e+02   1.4901053997828656e+01   2.0000000000000000e+00   8.6000000000000000e+01
   4.8673188531404986e+02   2.7070749896944500e+02   1.4686685265561140e+01   3.0000000000000000e+00   8.6000000000000000e+01
   3.2500303963776196e+02   1.1499999999999999e+02   1.4105444187305192e+01   1.0000000000000000e+00   8.7000000000000000e+01
   3.1823188819482766e+02   8.1768780943526281e+01   1.4518482499238804e+01   2.0000000000000000e+00   8.7000000000000000e+01
   4.8660577195479584e+02   2.7028899983456694e+02   1.4636968415558576e+01   3.0000000000000000e+00   8.7000000000000000e+01
   3.1854933335027249e+02   5.7471222876463379e+01   1.4151318873318580e+01   1.0000000000000000e+00   8.8000000000000000e+01
   2.9437179435954624e+02   3.3956631988817755e+01   1.4434700430868100e+01   2.0000000000000000e+00   8.8000000000000000e+01
   4.8666542115458918e+02   2.7050106658247068e+02   1.4915203770773383e+01   3.0000000000000000e+00   8.8000000000000000e+01
   3.1181235351363426e+02   3.3844199479634064e+01   1.4406229639089791e+01   1.0000000000000000e+00   8.9000000000000000e+01
   2.9437179435954624e+02   3.3956631988817755e+01   1.4434700430868100e+01   2.0000000000000000e+00   8.8000000000000000e+01
   4.8676116843560834e+02   2.7054426537313486e+02   1.5041967324640732e+01   3.0000000000000000e+00   8.9000000000000000e+01
   2.7247801804576187e+02   6.6875449347814367e+01   1.4487576551622778e+01   1.0000000000000000e+00   9.0000000000000000e+01
   2.7430425065486781e+02   6.5833452628202153e+01   1.4266580954093950e+01   2.0000000000000000e+00   9.0000000000000000e+01
   4.8653539292949819e+02   2.7027730584173656e+02   1.4772329218209347e+01   3.0000000000000000e+00   9.0000000000000000e+01
   2.3305067580597932e+02   1.0898742247070042e+02   1.4338189752715426e+01   1.0000000000000000e+00   9.1000000000000000e+01
   1.9776970740035054e+02   1.1512725668162031e+02   1.4133425287226531e+01   2.0000000000000000e+00   9.1000000000000000e+01
   4.8678628485732565e+02   2.7049848388028340e+02   1.4877725585460496e+01   3.0000000000000000e+00   9.1000000000000000e+01
   2.0301354602730586e+02   1.0950708357673304e+02   1.4429199119557671e+01   1.0000000000000000e+00   9.2000000000000000e+01
   1.7347636091282882e+02   9.4083342416901900e+01   1.5020084817160125e+01   2.0000000000000000e+00   9.2000000000000000e+01
   4.8670983879511351e+02   2.7039736259199964e+02   1.4805440487837142e+01   3.0000000000000000e+00   9.2000000000000000e+01
   1.5721824743495031e+02   8.2084058804791013e+01   1.4276951187635074e+01   1.0000000000000000e+00   9.3000000000000000e+01
   1.2417525148558263e+02   7.4079203571939715e+01   1.3759165105371663e+01   2.0000000000000000e+00   9.3000000000000000e+01
   4.8657930234143572e+02   2.7052939447313975e+02   1.5211964122434987e+01   3.0000000000000000e+00   9.3000000000000000e+01
   1.3614431002559724e+02   6.4565699292343965e+01   1.3993199745797563e+01   1.0000000000000000e+00   9.4000000000000000e+01
   1.2417525148558263e+02   7.4079203571939715e+01   1.3759165105371663e+01   2.0000000000000000e+00   9.3000000000000000e+01
   4.8654881060832724e+02   2.7018237622432781e+02   1.4872827161258517e+01   3.0000000000000000e+00   9.4000000000000000e+01
   1.2190179305353398e+02   1.0520306590475187e+02   1.4412884553738062e+01   1.0000000000000000e+00   9.5000000000000000e+01
   1.2246405956432888e+02   1.0504686708077058e+02   1.4512606393483475e+01   2.0000000000000000e+00   9.5000000000000000e+01
   4.8659780257601761e+02   2.7044006119031349e+02   1.4729906080703824e+01   3.0000000000000000e+00   9.5000000000000000e+01
   1.0116529314743973e+02   1.7429424035800045e+02   1.4451568040121634e+01   1.0000000000000000e+00   9.6000000000000000e+01
   1.2246405956432888e+02   1.0504686708077058e+02   1.4512606393483475e+01   2.0000000000000000e+00   9.5000000000000000e+01
   4.8646040363856179e+02   2.7076548780637552e+02   1.5289720521318738e+01   3.0000000000000000e+00   9.6000000000000000e+01
   9.1438804629969297e+01   2.0649403668009774e+02   1.4438341756884290e+01   1.0000000000000000e+00   9.7000000000000000e+01
   1.2246405956432888e+02   1.0504686708077058e+02   1.4512606393483475e+01   2.0000000000000000e+00   9.5000000000000000e+01
   4.8656894686681869e+02   2.7001451830151552e+02   1.4798510998326242e+01   3.0000000000000000e+00   9.7000000000000000e+01
   7.6703312839369048e+01   2.2002758474969590e+02   1.4382127136889629e+01   1.0000000000000000e+00   9.8000000000000000e+01
   1.2246405956432888e+02   1.0504686708077058e+02   1.4512606393483475e+01   2.0000000000000000e+00   9.5000000000000000e+01
   4.8646510232071097e+02   2.7003440017906786e+02   1.5292109395159800e+01   3.0000000000000000e+00   9.8000000000000000e+01
   6.5059816889234270e+01   2.1833850052924487e+02   1.4419772898812923e+01   1.0000000000000000e+00   9.9000000000000000e+01
   7.3637424314894560e+01   1.8298364059832727e+02   1.4460481819541931e+01   2.0000000000000000e+00   9.9000000000000000e+01
   4.8558383307120238e+02   2.7034842664980221e+02   1.4840417356626165e+01   3.0000000000000000e+00   9.9000000000000000e+01
   6.1547055046697295e+01   2.0775010409317548e+02   1.4474935837516107e+01   1.0000000000000000e+00   1.0000000000000000e+02
   7.3637424314894560e+01   1.8298364059832727e+02   1.4460481819541931e+01   2.0000000000000000e+00   9.9000000000000000e+01
   4.8557942091032891e+02   2.7033365088364098e+02   1.4873572195907045e+01   3.0000000000000000e+00   1.0000000000000000e+02
   8.4560267808205595e+01   2.1132392251084772e+02   1.4516805980624694e+01   1.0000000000000000e+00   1.0100000000000000e+02
   8.4743158355880425e+01   2.1062926643840692e+02   1.4986454717380695e+01   2.0000000000000000e+00   1.0100000000000000e+02
   4.8619902542097498e+02   2.7032389333044125e+02   1.4759887064539226e+01   3.0000000000000000e+00   1.0100000000000000e+02
   1.3801270650054443e+02   2.4050743106132930e+02   1.4438704978665100e+01   1.0000000000000000e+00   1.0200000000000000e+02
   8.4743158355880425e+01   2.1062926643840692e+02   1.4986454717380695e+01   2.0000000000000000e+00   1.0100000000000000e+02
   4.8645851312001503e+02   2.7006117180144952e+02   1.4836381251041900e+01   3.0000000000000000e+00   1.0200000000000000e+02
   2.0105364921505813e+02   2.7527525549434586e+02   1.4863572212455727e+01   1.0000000000000000e+00   1.0300000000000000e+02
   2.3314245652786292e+02   2.9353308765840563e+02   1.4769615911471115e+01   2.0000000000000000e+00   1.0300000000000000e+02
   4.8610962379536733e+02   2.6995728123513112e+02   1.4905666314036948e+01   3.0000000000000000e+00   1.0300000000000000e+02
   2.4462927170712885e+02   3.0657155745600005e+02   1.4509251525900790e+01   1.0000000000000000e+00   1.0400000000000000e+02
   2.8150509414494621e+02   3.0037192519190938e+02   1.4691706805701632e+01   2.0000000000000000e+00   1.0400000000000000e+02
   4.8663219526135157e+02   2.7018304117454107e+02   1.4784020641333965e+01   3.0000000000000000e+00   1.0400000000000000e+02
   2.6247485254114935e+02   3.0647474928939602e+02   1.4407956711486555e+01   1.0000000000000000e+00   1.0500000000000000e+02
   2.8298546635317587e+02   2.7585330019590333e+02   1.4632290976160037e+01   2.0000000000000000e+00   1.0500000000000000e+02
   4.8659767396679149e+02   2.6994705283808406e+02   1.4700843580961935e+01   3.0000000000000000e+00   1.0500000000000000e+02
   2.9085552523634271e+02   2.6118147471677725e+02   1.3988374477170847e+01   1.0000000000000000e+00   1.0600000000000000e+02
   3.1017954189224497e+02   2.3187550543196045e+02   1.4440022564816864e+01   2.0000000000000000e+00   1.0600000000000000e+02
   4.8665083352834915e+02   2.7034248012983471e+02   1.4851912324540308e+01   3.0000000000000000e+00   1.0600000000000000e+02
   3.2192832044248104e+02   2.1195970167125571e+02   1.4303364926486701e+01   1.0000000000000000e+00   1.0700000000000000e+02
   3.2188504936059991e+02   2.1225227484822713e+02   1.5317670333040077e+01   2.0000000000000000e+00   1.0700000000000000e+02
   4.8656992881137967e+02   2.7051050032848548e+02   1.4813298715538041e+01   3.0000000000000000e+00   1.0700000000000000e+02
   3.4302766270611477e+02   1.8750855289746616e+02   1.4425494055508723e+01   1.0000000000000000e+00   1.0800000000000000e+02
   3.4319010478956096e+02   1.8683942452442861e+02   1.5665268505869198e+01   2.0000000000000000e+00   1.0800000000000000e+02
   4.8654032392706489e+02   2.7061339992430840e+02   1.4936453676219346e+01   3.0000000000000000e+00   1.0800000000000000e+02
   4.0008297107634280e+02   2.0301110370765579e+02   1.4757527316315260e+01   1.0000000000000000e+00   1.0900000000000000e+02
   3.4319010478956096e+02   1.8683942452442861e+02   1.5665268505869198e+01   2.0000000000000000e+00   1.0800000000000000e+02
   4.8645595480907014e+02   2.7080452034776556e+02   1.4470778706091625e+01   3.0000000000000000e+00   1.0900000000000000e+02
   4.5948332372588817e+02   2.2046229735761258e+02   1.4844157715469327e+01   1.0000000000000000e+00   1.1000000000000000e+02
   3.4319010478956096e+02   1.8683942452442861e+02   1.5665268505869198e+01   2.0000000000000000e+00   1.0800000000000000e+02
   4.8686990059021599e+02   2.7070226797563788e+02   1.4798408862609605e+01   3.0000000000000000e+00   1.1000000000000000e+02
   5.2403032599438393e+02   2.3931467620441811e+02   1.4996844340206227e+01   1.0000000000000000e+00   1.1100000000000000e+02
   3.4319010478956096e+02   1.8683942452442861e+02   1.5665268505869198e+01   2.0000000000000000e+00   1.0800000000000000e+02
   4.8647971332986845e+02   2.7059255860796185e+02   1.5084335290535257e+01   3.0000000000000000e+00   1.1100000000000000e+02
   5.6139871723615079e+02   2.5800522502734680e+02   1.4722239234746988e+01   1.0000000000000000e+00   1.1200000000000000e+02
   5.8652076354553685e+02   2.3280559018728621e+02   1.4987406560107573e+01   2.0000000000000000e+00   1.1200000000000000e+02
   4.8663104610198627e+02   2.7051509138004405e+02   1.4650904557962628e+01   3.0000000000000000e+00   1.1200000000000000e+02
   5.7404301762727573e+02   2.6246252858066805e+02   1.5032155448182241e+01   1.0000000000000000e+00   1.1300000000000000e+02
   5.6887425956747836e+02   2.2480546447031892e+02   1.5548179677898613e+01   2.0000000000000000e+00   1.1300000000000000e+02
   4.8676329517003597e+02   2.7042620049355969e+02   1.5005736877784761e+01   3.0000000000000000e+00   1.1300000000000000e+02
   5.8200418434054541e+02   2.6461166967009001e+02   1.5095825178402659e+01   1.0000000000000000e+00   1.1400000000000000e+02
   5.6887425956747836e+02   2.2480546447031892e+02   1.5548179677898613e+01   2.0000000000000000e+00   1.1300000000000000e+02
   4.8694110311634739e+02   2.7021507815323099e+02   1.4848031870505997e+01   3.0000000000000000e+00   1.1400000000000000e+02
   5.6163005662873627e+02   2.6527469484281613e+02   1.4962180484611919e+01   1.0000000000000000e+00   1.1500000000000000e+02
   5.6219420519819050e+02   2.6364705192707845e+02   1.5461787676664050e+01   2.0000000000000000e+00   1.1500000000000000e+02
   4.8684820108453408e+02   2.7011399886231681e+02   1.4733118285865425e+01   3.0000000000000000e+00   1.1500000000000000e+02
   4.9983364408105325e+02   2.7078993448885274e+02   1.5068055328598595e+01   1.0000000000000000e+00   1.1600000000000000e+02
   5.6219420519819050e+02   2.6364705192707845e+02   1.5461787676664050e+01   2.0000000000000000e+00   1.1500000000000000e+02
   4.8684820108453408e+02   2.7011399886231681e+02   1.4733118285865425e+01   3.0000000000000000e+00   1.1500000000000000e+02
   4.3429247654881959e+02   2.7543190676949973e+02   1.5027206461543489e+01   1.0000000000000000e+00   1.1700000000000000e+02
   3.9778435796425822e+02   2.7841234421083578e+02   1.5183054980532843e+01   2.0000000000000000e+00   1.1700000000000000e+02
   4.8631135932882842e+02   2.7083663201743252e+02   1.4366315820276105e+01   3.0000000000000000e+00   1.1700000000000000e+02
   3.5860021014169087e+02   2.8134369938849926e+02   1.4545439717329149e+01   1.0000000000000000e+00   1.1800000000000000e+02
   3.2350335347762007e+02   2.8380870404137698e+02   1.4812772555911348e+01   2.0000000000000000e+00   1.1800000000000000e+02
   4.8670112912709419e+02   2.7081416958159241e+02   1.4599762402473072e+01   3.0000000000000000e+00   1.1800000000000000e+02
   2.8452163935607172e+02   2.8748229271126667e+02   1.4080185864529200e+01   1.0000000000000000e+00   1.1900000000000000e+02
   2.4914244202020808e+02   2.8985797442446301e+02   1.4753867158774817e+01   2.0000000000000000e+00   1.1900000000000000e+02
   4.8668318587922721e+02   2.7098658644342601e+02   1.4724393350463094e+01   3.0000000000000000e+00   1.1900000000000000e+02
   2.3211626521771919e+02   2.8870277994387800e+02   1.4540265493231686e+01   1.0000000000000000e+00   1.2000000000000000e+02
   2.0037484328155620e+02   2.7173725851793176e+02   1.3957506053555077e+01   2.0000000000000000e+00   1.2000000000000000e+02
   4.8670091052795379e+02   2.7094988783793951e+02   1.4713000649071830e+01   3.0000000000000000e+00   1.2000000000000000e+02
   2.0734827046324170e+02   2.8803420064380987e+02   1.4471373075121216e+01   1.0000000000000000e+00   1.2100000000000000e+02
   2.0485932242026772e+02   2.5217702094064833e+02   1.4211740721732905e+01   2.0000000000000000e+00   1.2100000000000000e+02
   4.8630040287918075e+02   2.7088769570205920e+02   1.4816723775911752e+01   3.0000000000000000e+00   1.2100000000000000e+02
   2.0959422475184493e+02   2.5895748561083269e+02   1.4440528107799514e+01   1.0000000000000000e+00   1.2200000000000000e+02
   2.1898076390277427e+02   2.2381890812253664e+02   1.4456838112941686e+01   2.0000000000000000e+00   1.2200000000000000e+02
   4.8646411305125611e+02   2.7094965565444136e+02   1.5126826881139985e+01   3.0000000000000000e+00   1.2200000000000000e+02
   2.2089545052568576e+02   2.0596113991919370e+02   1.4310042048234234e+01   1.0000000000000000e+00   1.2300000000000000e+02
   2.2961220180943045e+02   1.7100814870255226e+02   1.3973403063027019e+01   2.0000000000000000e+00   1.2300000000000000e+02
   4.8660665128327099e+02   2.7096544572472533e+02   1.4971734446581650e+01   3.0000000000000000e+00   1.2300000000000000e+02
   2.3488570942109064e+02   1.3756950413616991e+02   1.4493250981160024e+01   1.0000000000000000e+00   1.2400000000000000e+02
   2.4256363785672733e+02   1.0394318748093541e+02   1.4282613403373034e+01   2.0000000000000000e+00   1.2400000000000000e+02
   4.8656553358925538e+02   2.7095053026097133e+02   1.5052363441439065e+01   3.0000000000000000e+00   1.2400000000000000e+02
   2.4889270846746945e+02   7.9818428819510558e+01   1.4252503580794732e+01   1.0000000000000000e+00   1.2500000000000000e+02
   2.4142061217909546e+02   4.5546017108555688e+01   1.3734351418837001e+01   2.0000000000000000e+00   1.2500000000000000e+02
   4.8656857363279829e+02   2.7114560270197381e+02   1.5048684624543398e+01   3.0000000000000000e+00   1.2500000000000000e+02
   2.5516177117019549e+02   5.3289219197709713e+01   1.4308345664880841e+01   1.0000000000000000e+00   1.2600000000000000e+02
   2.4142061217909546e+02   4.5546017108555688e+01   1.3734351418837001e+01   2.0000000000000000e+00   1.2500000000000000e+02
   4.8656024443573727e+02   2.7107799095779370e+02   1.5386129373119513e+01   3.0000000000000000e+00   1.2600000000000000e+02
   2.4762476338426913e+02   4.2925177174702320e+01   1.4458697877339663e+01   1.0000000000000000e+00   1.2700000000000000e+02
   2.4142061217909546e+02   4.5546017108555688e+01   1.3734351418837001e+01   2.0000000000000000e+00   1.2500000000000000e+02
   4.8640723169537586e+02   2.7133350844598158e+02   1.5074674412618235e+01   3.0000000000000000e+00   1.2700000000000000e+02
   2.4356476292469853e+02   4.9797992268296518e+01   1.4535077036585218e+01   1.0000000000000000e+00   1.2800000000000000e+02
   2.4142061217909546e+02   4.5546017108555688e+01   1.3734351418837001e+01   2.0000000000000000e+00   1.2500000000000000e+02
   4.8650223324929192e+02   2.7131788468290472e+02   1.5057935152374283e+01   3.0000000000000000e+00   1.2800000000000000e+02
   2.4875891025685553e+02   5.3952471730824882e+01   1.4270208898343862e+01   1.0000000000000000e+00   1.2900000000000000e+02
   2.5248376068666894e+02   1.9152711070077348e+01   1.3887686281837537e+01   2.0000000000000000e+00   1.2900000000000000e+02
   4.8669520545217517e+02   2.7127155292931502e+02   1.5083545586949024e+01   3.0000000000000000e+00   1.2900000000000000e+02
   2.5372269485190273e+02   4.9047622856920981e+01   1.4364775381875392e+01   1.0000000000000000e+00   1.3000000000000000e+02
   2.2082256023392364e+02   3.8061538882287962e+01   1.4190931048298671e+01   2.0000000000000000e+00   1.3000000000000000e+02
   4.8652291133457891e+02   2.7106566770297667e+02   1.5176383778158613e+01   3.0000000000000000e+00   1.3000000000000000e+02
   2.4293182828209899e+02   5.2479468446296337e+01   1.4288615870723936e+01   1.0000000000000000e+00   1.3100000000000000e+02
   2.1628806425631163e+02   7.8140959348562632e+01   1.5239342864610844e+01   2.0000000000000000e+00   1.3100000000000000e+02
   4.8679196829284251e+02   2.7118478152431140e+02   1.4925871332958970e+01   3.0000000000000000e+00   1.3100000000000000e+02
   2.0176594057101320e+02   9.0482711112258031e+01   1.4449274478216743e+01   1.0000000000000000e+00   1.3200000000000000e+02
   1.7649628603313781e+02   1.1593018823798950e+02   1.4540271058445715e+01   2.0000000000000000e+00   1.3200000000000000e+02
   4.8649697782609263e+02   2.7113650003079630e+02   1.4869015690397799e+01   3.0000000000000000e+00   1.3200000000000000e+02
   1.5085966671337766e+02   1.3794776034681055e+02   1.4092445481514094e+01   1.0000000000000000e+00   1.3300000000000000e+02
   1.2495057147913279e+02   1.6246040637077010e+02   1.4833904301094311e+01   2.0000000000000000e+00   1.3300000000000000e+02
   4.8708832268720380e+02   2.7077005116933310e+02   1.4992549547337134e+01   3.0000000000000000e+00   1.3300000000000000e+02
   1.1215166079663885e+02   1.6923124472279702e+02   1.4497725184133989e+01   1.0000000000000000e+00   1.3400000000000000e+02
   7.7604089432861429e+01   1.7452866134104875e+02   1.4514946178433219e+01   2.0000000000000000e+00   1.3400000000000000e+02
   4.8644969751287164e+02   2.7086562707041929e+02   1.4576960096349488e+01   3.0000000000000000e+00   1.3400000000000000e+02
   9.1202972571085780e+01   1.8077381332403596e+02   1.4446823197594433e+01   1.0000000000000000e+00   1.3500000000000000e+02
   7.7604089432861429e+01   1.7452866134104875e+02   1.4514946178433219e+01   2.0000000000000000e+00   1.3400000000000000e+02
   4.8623423438694806e+02   2.7057496747254493e+02   1.4665546200135937e+01   3.0000000000000000e+00   1.3500000000000000e+02
   7.8008139710402943e+01   1.7415387413919265e+02   1.4526791849203024e+01   1.0000000000000000e+00   1.3600000000000000e+02
   7.7604089432861429e+01   1.7452866134104875e+02   1.4514946178433219e+01   2.0000000000000000e+00   1.3400000000000000e+02
   4.8650282568463120e+02   2.7058759515115668e+02   1.4919855115203852e+01   3.0000000000000000e+00   1.3600000000000000e+02
   8.7566046623268221e+01   1.6456956691220148e+02   1.4276190796464277e+01   1.0000000000000000e+00   1.3700000000000000e+02
   1.2570716432138505e+02   1.5979772470260917e+02   1.4739257338363362e+01   2.0000000000000000e+00   1.3700000000000000e+02
   4.8657950134203708e+02   2.7111496826376492e+02   1.4750675822688024e+01   3.0000000000000000e+00   1.3700000000000000e+02
   1.3550060026688516e+02   1.5768206524141775e+02   1.4389006207421195e+01   1.0000000000000000e+00   1.3800000000000000e+02
   1.7334533250090109e+02   1.5336782019120542e+02   1.4259984585486187e+01   2.0000000000000000e+00   1.3800000000000000e+02
   4.8640351613458898e+02   2.7117314085285312e+02   1.4960805453120720e+01   3.0000000000000000e+00   1.3800000000000000e+02
   2.0315241347572123e+02   1.4735325497119436e+02   1.4303872492166430e+01   1.0000000000000000e+00   1.3900000000000000e+02
   2.3932130403265373e+02   1.4285709884165993e+02   1.4653199740548555e+01   2.0000000000000000e+00   1.3900000000000000e+02
   4.8670045759960919e+02   2.7108741569841982e+02   1.4998700297657965e+01   3.0000000000000000e+00   1.3900000000000000e+02
   2.5637682207905988e+02   1.3899288776180185e+02   1.4482435627461262e+01   1.0000000000000000e+00   1.4000000000000000e+02
   2.9216060253910132e+02   1.3527496628988493e+02   1.4417069645800652e+01   2.0000000000000000e+00   1.4000000000000000e+02
   4.8655807239382648e+02   2.7105738600298923e+02   1.5056131371358646e+01   3.0000000000000000e+00   1.4000000000000000e+02
   2.7442030544558980e+02   1.3631502914588071e+02   1.4431028377813689e+01   1.0000000000000000e+00   1.4100000000000000e+02
   3.1040090296779192e+02   1.3226990486754906e+02   1.4835039353458850e+01   2.0000000000000000e+00   1.4100000000000000e+02
   4.8676648068403307e+02   2.7103211794962812e+02   1.4914817852549202e+01   3.0000000000000000e+00   1.4100000000000000e+02
   2.7634495124173128e+02   1.3602637384851076e+02   1.4445209885484090e+01   1.0000000000000000e+00   1.4200000000000000e+02
   3.1190642952206031e+02   1.3153522945702045e+02   1.4373147861998248e+01   2.0000000000000000e+00   1.4200000000000000e+02
   4.8652065684836032e+02   2.7102232233671197e+02   1.4976058959269643e+01   3.0000000000000000e+00   1.4200000000000000e+02
   2.7663738062449630e+02   1.3605258446116702e+02   1.4293942435667631e+01   1.0000000000000000e+00   1.4300000000000000e+02
   3.1252329210328526e+02   1.3116383835171030e+02   1.4430979804187892e+01   2.0000000000000000e+00   1.4300000000000000e+02
   4.8675044531272795e+02   2.7067451579928752e+02   1.5107260333663900e+01   3.0000000000000000e+00   1.4300000000000000e+02
   2.7628551866128311e+02   1.3595075907403356e+02   1.4498440962837698e+01   1.0000000000000000e+00   1.4400000000000000e+02
   3.1200576393916111e+02   1.3157430816829913e+02   1.5046181895773300e+01   2.0000000000000000e+00   1.4400000000000000e+02
   4.8666662924913152e+02   2.7096494713429041e+02   1.5191839177319368e+01   3.0000000000000000e+00   1.4400000000000000e+02
   2.7630233530255992e+02   1.3605955148652649e+02   1.4546182884642608e+01   1.0000000000000000e+00   1.4500000000000000e+02
   3.1217036607687339e+02   1.3189101267149303e+02   1.5315828162766609e+01   2.0000000000000000e+00   1.4500000000000000e+02
   4.8643963883383162e+02   2.7096224372124829e+02   1.5032177033466532e+01   3.0000000000000000e+00   1.4500000000000000e+02
   2.7656297790731753e+02   1.3608383711309870e+02   1.4098320099037604e+01   1.0000000000000000e+00   1.4600000000000000e+02
   3.1165841317255644e+02   1.3157004179489533e+02   1.5124055881931003e+01   2.0000000000000000e+00   1.4600000000000000e+02
   4.8647801770692831e+02   2.7085046736827007e+02   1.5068727825005610e+01   3.0000000000000000e+00   1.4600000000000000e+02
   2.7617289468454902e+02   1.3800602323908817e+02   1.4377727881197565e+01   1.0000000000000000e+00   1.4700000000000000e+02
   3.0954376384958317e+02   1.2385557216661824e+02   1.4794266061046759e+01   2.0000000000000000e+00   1.4700000000000000e+02
   4.8671408718674093e+02   2.7101132558148799e+02   1.5193174713597918e+01   3.0000000000000000e+00   1.4700000000000000e+02
   2.8149638213071495e+02   1.2952353467554258e+02   1.4203051512102498e+01   1.0000000000000000e+00   1.4800000000000000e+02
   2.9246550477144893e+02   9.5486937158334314e+01   1.3941441008119673e+01   2.0000000000000000e+00   1.4800000000000000e+02
   4.8650070003801176e+02   2.7122305845587510e+02   1.4915260579503544e+01   3.0000000000000000e+00   1.4800000000000000e+02
   2.9990221394463634e+02   6.7335927498425860e+01   1.4370301039227186e+01   1.0000000000000000e+00   1.4900000000000000e+02
   2.9246550477144893e+02   9.5486937158334314e+01   1.3941441008119673e+01   2.0000000000000000e+00   1.4800000000000000e+02
   4.8627255952479942e+02   2.7113836155399741e+02   1.4936993476440961e+01   3.0000000000000000e+00   1.4900000000000000e+02
   3.1225782596154556e+02   4.0829467069008153e+01   1.4464164078565148e+01   1.0000000000000000e+00   1.5000000000000000e+02
   2.9246550477144893e+02   9.5486937158334314e+01   1.3941441008119673e+01   2.0000000000000000e+00   1.4800000000000000e+02
   4.8633771999031887e+02   2.7097170171744318e+02   1.5019574122926679e+01   3.0000000000000000e+00   1.5000000000000000e+02
   3.0895522278374165e+02   3.0065414554261132e+01   1.4474861401937435e+01   1.0000000000000000e+00   1.5100000000000000e+02
   2.9246550477144893e+02   9.5486937158334314e+01   1.3941441008119673e+01   2.0000000000000000e+00   1.4800000000000000e+02
   4.8644867312281809e+02   2.7082309181268175e+02   1.4697370788836761e+01   3.0000000000000000e+00   1.5100000000000000e+02
   3.0981940150203980e+02   5.8598848196223393e+01   1.4518800351348585e+01   1.0000000000000000e+00   1.5200000000000000e+02
   2.9246550477144893e+02   9.5486937158334314e+01   1.3941441008119673e+01   2.0000000000000000e+00   1.4800000000000000e+02
   4.8634462282703072e+02   2.7084939110288258e+02   1.4630091259599595e+01   3.0000000000000000e+00   1.5200000000000000e+02
   3.1988657748126047e+02   1.2103950916274403e+02   1.4689308459273024e+01   1.0000000000000000e+00   1.5300000000000000e+02
   3.2513271922317642e+02   1.5923035574045048e+02   1.5482344035365042e+01   2.0000000000000000e+00   1.5300000000000000e+02
   4.8630012957459064e+02   2.7104487747253387e+02   1.4712361303081286e+01   3.0000000000000000e+00   1.5300000000000000e+02
   3.3348531596967968e+02   1.7445255111101491e+02   1.4454949788486980e+01   1.0000000000000000e+00   1.5400000000000000e+02
   3.1902124753393815e+02   2.0766938545865440e+02   1.4630194717144658e+01   2.0000000000000000e+00   1.5400000000000000e+02
   4.8639448068903721e+02   2.7101627599902332e+02   1.4840714055286673e+01   3.0000000000000000e+00   1.5400000000000000e+02
   3.3507999618477459e+02   1.9871697722477293e+02   1.4484508487419532e+01   1.0000000000000000e+00   1.5500000000000000e+02
   2.9934749049553153e+02   2.0169173372726289e+02   1.4970178881628193e+01   2.0000000000000000e+00   1.5500000000000000e+02
   4.8628516324630425e+02   2.7096901286231378e+02   1.4927026525613647e+01   3.0000000000000000e+00   1.5500000000000000e+02
   2.9550205733540707e+02   1.9488914831213313e+02   1.4146946785768783e+01   1.0000000000000000e+00   1.5600000000000000e+02
   2.6097339090029033e+02   1.8812535562837786e+02   1.4614899801248736e+01   2.0000000000000000e+00   1.5600000000000000e+02
   4.8614788162606817e+02   2.7123203472661140e+02   1.4788208675754024e+01   3.0000000000000000e+00   1.5600000000000000e+02
   2.3099999999999997e+02   1.8302993680852742e+02   1.4328047061252594e+01   1.0000000000000000e+00   1.5700000000000000e+02
   1.9677620570335833e+02   1.7609900083423565e+02   1.3959082015553420e+01   2.0000000000000000e+00   1.5700000000000000e+02
   4.8654814078212786e+02   2.7056670373199654e+02   1.4427095155975792e+01   3.0000000000000000e+00   1.5700000000000000e+02
   1.8193527261019753e+02   1.6510052350981158e+02   1.4143276923057877e+01   1.0000000000000000e+00   1.5800000000000000e+02
   1.5610283085583706e+02   1.8977164574683582e+02   1.4377812596820863e+01   2.0000000000000000e+00   1.5800000000000000e+02
   4.8645902755873999e+02   2.7077999156128732e+02   1.4842875366190523e+01   3.0000000000000000e+00   1.5800000000000000e+02
   1.6730001924990827e+02   1.6360839411157366e+02   1.4615540981454183e+01   1.0000000000000000e+00   1.5900000000000000e+02
   1.5610283085583706e+02   1.8977164574683582e+02   1.4377812596820863e+01   2.0000000000000000e+00   1.5800000000000000e+02
   4.8646524219030999e+02   2.7040432892033368e+02   1.4983803744351892e+01   3.0000000000000000e+00   1.5900000000000000e+02
   1.8077204092777865e+02   2.0101809303996328e+02   1.4452862137565459e+01   1.0000000000000000e+00   1.6000000000000000e+02
   1.5610283085583706e+02   1.8977164574683582e+02   1.4377812596820863e+01   2.0000000000000000e+00   1.5800000000000000e+02
   4.8664600921336023e+02   2.7086395956158367e+02   1.4632501067851468e+01   3.0000000000000000e+00   1.6000000000000000e+02
   2.0301793593359673e+02   2.6271627647721482e+02   1.4695471354253772e+01   1.0000000000000000e+00   1.6100000000000000e+02
   2.1522496094965263e+02   2.9707615629733760e+02   1.5071134834178181e+01   2.0000000000000000e+00   1.6100000000000000e+02
   4.8653439807171424e+02   2.7092997507095532e+02   1.4844633585989360e+01   3.0000000000000000e+00   1.6100000000000000e+02
   2.1398749492579529e+02   3.0468221074239642e+02   1.4531167894008513e+01   1.0000000000000000e+00   1.6200000000000000e+02
   2.1522496094965263e+02   2.9707615629733760e+02   1.5071134834178181e+01   2.0000000000000000e+00   1.6100000000000000e+02
   4.8624698451931818e+02   2.7099236394488821e+02   1.4322567143764800e+01   3.0000000000000000e+00   1.6200000000000000e+02
   2.0870617723293583e+02   3.2634948848845806e+02   1.4453048432504730e+01   1.0000000000000000e+00   1.6300000000000000e+02
   1.7737301425933998e+02   3.4317356096624508e+02   1.3920275455289218e+01   2.0000000000000000e+00   1.6300000000000000e+02
   4.8617096186980274e+02   2.7064498360567683e+02   1.4587354142583026e+01   3.0000000000000000e+00   1.6300000000000000e+02
   1.9695254419832963e+02   3.4156664480981834e+02   1.4629340348627860e+01   1.0000000000000000e+00   1.6400000000000000e+02
   1.6873672469986204e+02   3.1910383925544818e+02   1.4759395684117097e+01   2.0000000000000000e+00   1.6400000000000000e+02
   4.8653867114252034e+02   2.7092845403802420e+02   1.4990219987952901e+01   3.0000000000000000e+00   1.6400000000000000e+02
   1.7751248961222373e+02   3.1858127637654229e+02   1.4553293386671108e+01   1.0000000000000000e+00   1.6500000000000000e+02
   1.6873672469986204e+02   3.1910383925544818e+02   1.4759395684117097e+01   2.0000000000000000e+00   1.6400000000000000e+02
   4.8639811506360809e+02   2.7073901604561883e+02   1.4669882631001245e+01   3.0000000000000000e+00   1.6500000000000000e+02
   1.4776561206051323e+02   2.7402442948133563e+02   1.4870179048675183e+01   1.0000000000000000e+00   1.6600000000000000e+02
   1.3012100168967481e+02   2.4401515854936096e+02   1.4924224545711169e+01   2.0000000000000000e+00   1.6600000000000000e+02
   4.8657980656816488e+02   2.7097801585163091e+02   1.4781583066432617e+01   3.0000000000000000e+00   1.6600000000000000e+02
   1.1621323499485722e+02   2.2817857148316062e+02   1.4564999371373922e+01   1.0000000000000000e+00   1.6700000000000000e+02
   1.0456914970214953e+02   1.9555599656044495e+02   1.4455906840048630e+01   2.0000000000000000e+00   1.6700000000000000e+02
   4.8681478638784176e+02   2.7093370252209269e+02   1.4853540710502111e+01   3.0000000000000000e+00   1.6700000000000000e+02
